123
233
119
231


114
230


109
229


102
230


96
231


89
235


85
238


78
244


76
247


72
255


71
261


70
267


71
277


73
285


73
292


76
299


78
304


81
309


86
315


90
316


93
317


98
316


104
314


107
312


111
309


116
305


122
296


125
291


127
286


129
279


133
267


137
255


141
243


144
235


145
227


149
215


150
207


152
199


154
191


157
183


158
177


160
169


161
162


162
155


163
150


163
147


164
143


165
138


165
132


167
126


167
123


167
120


168
117


168
114


169
111


169
112


169
114


168
119


165
129


163
135


161
140


161
146


159
156


157
164


155
173


153
182


152
189


150
200


149
207


149
215


147
221


146
227


144
236


143
243


142
250


142
255


142
261


142
264


142
267


142
271


142
275


142
278


142
281


142
284


142
288


142
291


142
294


142
295


142
297


142
300


143
302


144
303


144
305


145
307


145
308


146
309


146
310


147
310


147
311


147
311


148
312


149
313


149
314


149
315


150
315


152
316


153
316


154
316


155
316


156
316


157
317


158
317


159
317


160
317


161
317


162
317


163
317


164
317


165
317


165
317


166
316


167
316


168
315


169
315


170
315


172
314


173
313


175
312


177
311


177
311


178
311


179
310


181
309


182
308


183
307


185
306


186
305


187
304


188
304


189
303


190
302


191
301


192
300


193
299


194
298


194
297


195
296


197
295


197
293


197
292


198
291


199
291


199
290


201
286


201
283


202
282


203
280


204
277


205
275


205
273


206
271


206
269


207
266


208
263


208
260


209
258


209
256


209
255


209
254


208
252


207
251


206
251


205
251


205
251


205
251


204
251


203
251


202
251


201
251


201
251


200
252


200
253


199
255


199
255


199
258


199
259


199
259


199
260


199
261


199
262


201
264


201
266


201
267


203
268


204
269


205
270


205
271


207
271


208
271


210
271


212
272


213
272


215
272


216
272


218
271


220
271


221
271


222
271


225
271


227
271


229
271


231
270


232
270


233
270


234
269


237
269


237
268


238
268


239
267


240
267


241
267


240
267


239
269


237
271


235
273


233
275


230
279


229
280


228
283


226
287


226
289


225
292


225
294


225
295


225
299


225
301


225
303


225
304


225
305


225
306


225
308


225
309


225
310


225
311


225
311


225
312


226
312


227
313


228
314


229
314


229
315


230
316


231
316


232
317


233
317


233
318


234
318


234
319


235
319


237
319


237
319


239
319


241
319


245
316


247
315


249
313


252
311


254
308


256
307


259
303


261
299


264
296


267
293


270
288


275
282


277
278


279
275


282
272


284
271


286
270


289
268


292
267


296
265


298
264


301
264


305
264


309
264


310
264


311
264


313
264


312
264


309
264


307
264


303
264


300
264


297
264


292
266


289
269


284
274


279
279


275
283


271
287


266
294


264
299


262
303


262
307


262
309


262
312


263
314


264
316


265
319


265
319


266
321


267
321


268
322


270
323


273
323


275
322


277
321


281
319


281
319


285
315


287
312


290
309


294
303


297
299


299
295


301
291


305
283


305
280


309
275


310
274


311
271


313
268


314
262


315
259


315
258


316
258


316
259


315
260


313
263


313
267


312
270


310
273


309
279


308
283


308
287


307
291


307
296


306
299


306
302


306
304


306
305


306
308


306
309


307
311


308
311


308
312


308
313


309
314


309
315


309
315


310
315


310
316


310
317


311
318


312
319


313
319


313
319


314
319


315
320


316
320


317
320


317
320


319
320


321
320


321
321


322
321


323
321


324
322


325
322


325
322


326
322


327
322


328
322


329
322


329
321


331
320


332
320


334
319


336
319


337
318


339
316


341
315


344
312


346
309


349
305


353
300


356
297


357
294


361
289


361
287


364
282


366
278


369
275


372
271


373
270


374
269


376
268


377
267


378
267


381
267


383
267


384
267


384
268


384
271


384
274


384
276


383
281


382
284


381
288


381
292


380
296


379
303


378
306


378
309


378
311


378
315


378
317


378
319


378
321


378
323


379
326


380
327


380
328


380
329


381
329


382
330


383
330


385
330


388
327


389
326


392
323


393
320


395
316


398
309


400
306


402
302


403
298


404
291


405
286


405
283


405
280


405
277


407
271


408
268


408
267


408
269


408
273


407
277


406
282


405
286


405
293


404
299


403
304


402
309


401
315


401
318


402
320


404
322


405
324


406
326


407
327


409
327


410
328


411
329


412
329


413
329


415
329


417
329


420
327


421
326


424
325


427
323


432
321


434
319


437
316


438
313


440
310


441
305


441
301


442
296


443
292


444
287


444
284


444
280


444
277


443
275


442
272


441
271


441
269


440
267


439
267


439
267


439
269


440
270


441
271


443
271


445
272


449
273


451
274


453
274


455
275


457
276


461
279


462
282


463
285


465
289


465
296


465
301


465
306


465
311


465
317


464
326


462
331


459
337


457
341


451
347


447
351


442
354


438
357


433
359


429
361


421
364


415
367


409
369


397
370


388
370


381
371


376
371


369
371


361
370


355
367


349
366


345
365


339
365


334
364


329
363


325
363


321
363


320
362


318
361


315
360


311
360


305
360


294
363


286
364


278
366


269
367


260
368


245
368


237
368


229
367


221
367


211
363


205
361


199
360


193
359


185
357


178
355


172
352


163
351


160
350


153
346


148
342


144
338


138
334


137
332


131
328
128
324
125
319
122
308
122
301
122
297